(kicad_pcb (version 20171130) (host pcbnew 5.1.2-f72e74a~84~ubuntu18.04.1)

  (general
    (thickness 1.6)
    (drawings 4)
    (tracks 73)
    (zones 0)
    (modules 79)
    (nets 69)
  )

  (page A4)
  (layers
    (0 F.Cu signal)
    (31 B.Cu signal)
    (32 B.Adhes user)
    (33 F.Adhes user)
    (34 B.Paste user)
    (35 F.Paste user)
    (36 B.SilkS user)
    (37 F.SilkS user)
    (38 B.Mask user)
    (39 F.Mask user)
    (40 Dwgs.User user)
    (41 Cmts.User user)
    (42 Eco1.User user)
    (43 Eco2.User user)
    (44 Edge.Cuts user)
    (45 Margin user)
    (46 B.CrtYd user)
    (47 F.CrtYd user)
    (48 B.Fab user)
    (49 F.Fab user)
  )

  (setup
    (last_trace_width 0.25)
    (user_trace_width 0.35)
    (trace_clearance 0.2)
    (zone_clearance 0.508)
    (zone_45_only no)
    (trace_min 0.2)
    (via_size 0.8)
    (via_drill 0.4)
    (via_min_size 0.4)
    (via_min_drill 0.3)
    (uvia_size 0.3)
    (uvia_drill 0.1)
    (uvias_allowed no)
    (uvia_min_size 0.2)
    (uvia_min_drill 0.1)
    (edge_width 0.1)
    (segment_width 0.2)
    (pcb_text_width 0.3)
    (pcb_text_size 1.5 1.5)
    (mod_edge_width 0.15)
    (mod_text_size 1 1)
    (mod_text_width 0.15)
    (pad_size 1.5 1.5)
    (pad_drill 0.6)
    (pad_to_mask_clearance 0)
    (solder_mask_min_width 0.25)
    (aux_axis_origin 0 0)
    (grid_origin 89.408 143.256)
    (visible_elements FFFDFF7F)
    (pcbplotparams
      (layerselection 0x010fc_ffffffff)
      (usegerberextensions false)
      (usegerberattributes false)
      (usegerberadvancedattributes false)
      (creategerberjobfile false)
      (excludeedgelayer true)
      (linewidth 0.100000)
      (plotframeref false)
      (viasonmask false)
      (mode 1)
      (useauxorigin false)
      (hpglpennumber 1)
      (hpglpenspeed 20)
      (hpglpendiameter 15.000000)
      (psnegative false)
      (psa4output false)
      (plotreference true)
      (plotvalue true)
      (plotinvisibletext false)
      (padsonsilk false)
      (subtractmaskfromsilk false)
      (outputformat 1)
      (mirror false)
      (drillshape 1)
      (scaleselection 1)
      (outputdirectory ""))
  )

  (net 0 "")
  (net 1 GNDREF)
  (net 2 "Net-(C1-Pad2)")
  (net 3 "Net-(C2-Pad2)")
  (net 4 "Net-(C3-Pad2)")
  (net 5 "Net-(C5-Pad2)")
  (net 6 "Net-(C50-Pad2)")
  (net 7 "Net-(C84-Pad2)")
  (net 8 "Net-(CF1-Pad2)")
  (net 9 V12B)
  (net 10 TIB)
  (net 11 "Net-(CF2-Pad2)")
  (net 12 "Net-(CF3-Pad2)")
  (net 13 V12C)
  (net 14 "Net-(CF4-Pad2)")
  (net 15 V23B)
  (net 16 "Net-(CF5-Pad2)")
  (net 17 V23C)
  (net 18 TIC)
  (net 19 "Net-(CF6-Pad2)")
  (net 20 GND)
  (net 21 VCC)
  (net 22 TG1)
  (net 23 P4)
  (net 24 TG2)
  (net 25 TG3)
  (net 26 TG4)
  (net 27 V12A)
  (net 28 P1)
  (net 29 P3)
  (net 30 RL4)
  (net 31 "Net-(JRL4-Pad2)")
  (net 32 "Net-(JRV12G1-Pad2)")
  (net 33 "Net-(JRV12G1-Pad1)")
  (net 34 TIA)
  (net 35 VIN3)
  (net 36 "Net-(R1-Pad1)")
  (net 37 "Net-(RF7-Pad2)")
  (net 38 V23A)
  (net 39 "Net-(U2-Pad5)")
  (net 40 "Net-(U3-Pad6)")
  (net 41 PWM1)
  (net 42 PWM2)
  (net 43 VIN1)
  (net 44 VIN2)
  (net 45 RL1)
  (net 46 RL2)
  (net 47 RL3)
  (net 48 VIND)
  (net 49 "Net-(U6-Pad13)")
  (net 50 RGB)
  (net 51 MUXGA)
  (net 52 MUXRA)
  (net 53 MUXVA)
  (net 54 RGA)
  (net 55 MUXGB)
  (net 56 MUXRB)
  (net 57 MUXVB)
  (net 58 VIN4)
  (net 59 "Net-(R3-Pad2)")
  (net 60 "Net-(R4-Pad2)")
  (net 61 "Net-(R5-Pad2)")
  (net 62 "Net-(R6-Pad2)")
  (net 63 "Net-(R34-Pad2)")
  (net 64 "Net-(R41-Pad2)")
  (net 65 "Net-(RS1-Pad1)")
  (net 66 "Net-(RS2-Pad1)")
  (net 67 "Net-(RS3-Pad1)")
  (net 68 P2)

  (net_class Default "This is the default net class."
    (clearance 0.2)
    (trace_width 0.25)
    (via_dia 0.8)
    (via_drill 0.4)
    (uvia_dia 0.3)
    (uvia_drill 0.1)
    (add_net GND)
    (add_net GNDREF)
    (add_net MUXGA)
    (add_net MUXGB)
    (add_net MUXRA)
    (add_net MUXRB)
    (add_net MUXVA)
    (add_net MUXVB)
    (add_net "Net-(C1-Pad2)")
    (add_net "Net-(C2-Pad2)")
    (add_net "Net-(C3-Pad2)")
    (add_net "Net-(C5-Pad2)")
    (add_net "Net-(C50-Pad2)")
    (add_net "Net-(C84-Pad2)")
    (add_net "Net-(CF1-Pad2)")
    (add_net "Net-(CF2-Pad2)")
    (add_net "Net-(CF3-Pad2)")
    (add_net "Net-(CF4-Pad2)")
    (add_net "Net-(CF5-Pad2)")
    (add_net "Net-(CF6-Pad2)")
    (add_net "Net-(JRL4-Pad2)")
    (add_net "Net-(JRV12G1-Pad1)")
    (add_net "Net-(JRV12G1-Pad2)")
    (add_net "Net-(R1-Pad1)")
    (add_net "Net-(R3-Pad2)")
    (add_net "Net-(R34-Pad2)")
    (add_net "Net-(R4-Pad2)")
    (add_net "Net-(R41-Pad2)")
    (add_net "Net-(R5-Pad2)")
    (add_net "Net-(R6-Pad2)")
    (add_net "Net-(RF7-Pad2)")
    (add_net "Net-(RS1-Pad1)")
    (add_net "Net-(RS2-Pad1)")
    (add_net "Net-(RS3-Pad1)")
    (add_net "Net-(U2-Pad5)")
    (add_net "Net-(U3-Pad6)")
    (add_net "Net-(U6-Pad13)")
    (add_net P1)
    (add_net P2)
    (add_net P3)
    (add_net P4)
    (add_net PWM1)
    (add_net PWM2)
    (add_net RGA)
    (add_net RGB)
    (add_net RL1)
    (add_net RL2)
    (add_net RL3)
    (add_net RL4)
    (add_net TG1)
    (add_net TG2)
    (add_net TG3)
    (add_net TG4)
    (add_net TIA)
    (add_net TIB)
    (add_net TIC)
    (add_net V12A)
    (add_net V12B)
    (add_net V12C)
    (add_net V23A)
    (add_net V23B)
    (add_net V23C)
    (add_net VCC)
    (add_net VIN1)
    (add_net VIN2)
    (add_net VIN3)
    (add_net VIN4)
    (add_net VIND)
  )

  (module Package_SO:SOIC-8_3.9x4.9mm_P1.27mm (layer F.Cu) (tedit 5A02F2D3) (tstamp 5CFC6949)
    (at 97.536 114.3 90)
    (descr "8-Lead Plastic Small Outline (SN) - Narrow, 3.90 mm Body [SOIC] (see Microchip Packaging Specification 00000049BS.pdf)")
    (tags "SOIC 1.27")
    (path /5AEDECF4)
    (attr smd)
    (fp_text reference U3 (at 0 -3.5 90) (layer F.SilkS)
      (effects (font (size 1 1) (thickness 0.15)))
    )
    (fp_text value LMC6482 (at 0 3.5 90) (layer F.Fab)
      (effects (font (size 1 1) (thickness 0.15)))
    )
    (fp_line (start -2.075 -2.525) (end -3.475 -2.525) (layer F.SilkS) (width 0.15))
    (fp_line (start -2.075 2.575) (end 2.075 2.575) (layer F.SilkS) (width 0.15))
    (fp_line (start -2.075 -2.575) (end 2.075 -2.575) (layer F.SilkS) (width 0.15))
    (fp_line (start -2.075 2.575) (end -2.075 2.43) (layer F.SilkS) (width 0.15))
    (fp_line (start 2.075 2.575) (end 2.075 2.43) (layer F.SilkS) (width 0.15))
    (fp_line (start 2.075 -2.575) (end 2.075 -2.43) (layer F.SilkS) (width 0.15))
    (fp_line (start -2.075 -2.575) (end -2.075 -2.525) (layer F.SilkS) (width 0.15))
    (fp_line (start -3.73 2.7) (end 3.73 2.7) (layer F.CrtYd) (width 0.05))
    (fp_line (start -3.73 -2.7) (end 3.73 -2.7) (layer F.CrtYd) (width 0.05))
    (fp_line (start 3.73 -2.7) (end 3.73 2.7) (layer F.CrtYd) (width 0.05))
    (fp_line (start -3.73 -2.7) (end -3.73 2.7) (layer F.CrtYd) (width 0.05))
    (fp_line (start -1.95 -1.45) (end -0.95 -2.45) (layer F.Fab) (width 0.1))
    (fp_line (start -1.95 2.45) (end -1.95 -1.45) (layer F.Fab) (width 0.1))
    (fp_line (start 1.95 2.45) (end -1.95 2.45) (layer F.Fab) (width 0.1))
    (fp_line (start 1.95 -2.45) (end 1.95 2.45) (layer F.Fab) (width 0.1))
    (fp_line (start -0.95 -2.45) (end 1.95 -2.45) (layer F.Fab) (width 0.1))
    (fp_text user %R (at 0 0 90) (layer F.Fab)
      (effects (font (size 1 1) (thickness 0.15)))
    )
    (pad 8 smd rect (at 2.7 -1.905 90) (size 1.55 0.6) (layers F.Cu F.Paste F.Mask)
      (net 21 VCC))
    (pad 7 smd rect (at 2.7 -0.635 90) (size 1.55 0.6) (layers F.Cu F.Paste F.Mask)
      (net 40 "Net-(U3-Pad6)"))
    (pad 6 smd rect (at 2.7 0.635 90) (size 1.55 0.6) (layers F.Cu F.Paste F.Mask)
      (net 40 "Net-(U3-Pad6)"))
    (pad 5 smd rect (at 2.7 1.905 90) (size 1.55 0.6) (layers F.Cu F.Paste F.Mask)
      (net 1 GNDREF))
    (pad 4 smd rect (at -2.7 1.905 90) (size 1.55 0.6) (layers F.Cu F.Paste F.Mask)
      (net 20 GND))
    (pad 3 smd rect (at -2.7 0.635 90) (size 1.55 0.6) (layers F.Cu F.Paste F.Mask)
      (net 1 GNDREF))
    (pad 2 smd rect (at -2.7 -0.635 90) (size 1.55 0.6) (layers F.Cu F.Paste F.Mask)
      (net 39 "Net-(U2-Pad5)"))
    (pad 1 smd rect (at -2.7 -1.905 90) (size 1.55 0.6) (layers F.Cu F.Paste F.Mask)
      (net 39 "Net-(U2-Pad5)"))
    (model ${KISYS3DMOD}/Package_SO.3dshapes/SOIC-8_3.9x4.9mm_P1.27mm.wrl
      (at (xyz 0 0 0))
      (scale (xyz 1 1 1))
      (rotate (xyz 0 0 0))
    )
  )

  (module Capacitor_SMD:C_0603_1608Metric (layer F.Cu) (tedit 5B301BBE) (tstamp 5CF9E599)
    (at 89.408 130.556 180)
    (descr "Capacitor SMD 0603 (1608 Metric), square (rectangular) end terminal, IPC_7351 nominal, (Body size source: http://www.tortai-tech.com/upload/download/2011102023233369053.pdf), generated with kicad-footprint-generator")
    (tags capacitor)
    (path /5AF0A480)
    (attr smd)
    (fp_text reference CU2 (at 0 -1.43 180) (layer F.SilkS)
      (effects (font (size 1 1) (thickness 0.15)))
    )
    (fp_text value 0.1uF (at 0 1.43 180) (layer F.Fab)
      (effects (font (size 1 1) (thickness 0.15)))
    )
    (fp_text user %R (at 0 0 180) (layer F.Fab)
      (effects (font (size 0.4 0.4) (thickness 0.06)))
    )
    (fp_line (start 1.48 0.73) (end -1.48 0.73) (layer F.CrtYd) (width 0.05))
    (fp_line (start 1.48 -0.73) (end 1.48 0.73) (layer F.CrtYd) (width 0.05))
    (fp_line (start -1.48 -0.73) (end 1.48 -0.73) (layer F.CrtYd) (width 0.05))
    (fp_line (start -1.48 0.73) (end -1.48 -0.73) (layer F.CrtYd) (width 0.05))
    (fp_line (start -0.162779 0.51) (end 0.162779 0.51) (layer F.SilkS) (width 0.12))
    (fp_line (start -0.162779 -0.51) (end 0.162779 -0.51) (layer F.SilkS) (width 0.12))
    (fp_line (start 0.8 0.4) (end -0.8 0.4) (layer F.Fab) (width 0.1))
    (fp_line (start 0.8 -0.4) (end 0.8 0.4) (layer F.Fab) (width 0.1))
    (fp_line (start -0.8 -0.4) (end 0.8 -0.4) (layer F.Fab) (width 0.1))
    (fp_line (start -0.8 0.4) (end -0.8 -0.4) (layer F.Fab) (width 0.1))
    (pad 2 smd roundrect (at 0.7875 0 180) (size 0.875 0.95) (layers F.Cu F.Paste F.Mask) (roundrect_rratio 0.25)
      (net 20 GND))
    (pad 1 smd roundrect (at -0.7875 0 180) (size 0.875 0.95) (layers F.Cu F.Paste F.Mask) (roundrect_rratio 0.25)
      (net 21 VCC))
    (model ${KISYS3DMOD}/Capacitor_SMD.3dshapes/C_0603_1608Metric.wrl
      (at (xyz 0 0 0))
      (scale (xyz 1 1 1))
      (rotate (xyz 0 0 0))
    )
  )

  (module Connector_PinHeader_2.54mm:PinHeader_1x30_P2.54mm_Vertical (layer B.Cu) (tedit 59FED5CC) (tstamp 5CFD35E2)
    (at 136.144 104.648 90)
    (descr "Through hole straight pin header, 1x30, 2.54mm pitch, single row")
    (tags "Through hole pin header THT 1x30 2.54mm single row")
    (path /5D1BAB9F)
    (fp_text reference J1 (at 0 2.33 -90) (layer B.SilkS)
      (effects (font (size 1 1) (thickness 0.15)) (justify mirror))
    )
    (fp_text value Conn_01x30_Male (at 0 -75.99 -90) (layer B.Fab)
      (effects (font (size 1 1) (thickness 0.15)) (justify mirror))
    )
    (fp_line (start -0.635 1.27) (end 1.27 1.27) (layer B.Fab) (width 0.1))
    (fp_line (start 1.27 1.27) (end 1.27 -74.93) (layer B.Fab) (width 0.1))
    (fp_line (start 1.27 -74.93) (end -1.27 -74.93) (layer B.Fab) (width 0.1))
    (fp_line (start -1.27 -74.93) (end -1.27 0.635) (layer B.Fab) (width 0.1))
    (fp_line (start -1.27 0.635) (end -0.635 1.27) (layer B.Fab) (width 0.1))
    (fp_line (start -1.33 -74.99) (end 1.33 -74.99) (layer B.SilkS) (width 0.12))
    (fp_line (start -1.33 -1.27) (end -1.33 -74.99) (layer B.SilkS) (width 0.12))
    (fp_line (start 1.33 -1.27) (end 1.33 -74.99) (layer B.SilkS) (width 0.12))
    (fp_line (start -1.33 -1.27) (end 1.33 -1.27) (layer B.SilkS) (width 0.12))
    (fp_line (start -1.33 0) (end -1.33 1.33) (layer B.SilkS) (width 0.12))
    (fp_line (start -1.33 1.33) (end 0 1.33) (layer B.SilkS) (width 0.12))
    (fp_line (start -1.8 1.8) (end -1.8 -75.45) (layer B.CrtYd) (width 0.05))
    (fp_line (start -1.8 -75.45) (end 1.8 -75.45) (layer B.CrtYd) (width 0.05))
    (fp_line (start 1.8 -75.45) (end 1.8 1.8) (layer B.CrtYd) (width 0.05))
    (fp_line (start 1.8 1.8) (end -1.8 1.8) (layer B.CrtYd) (width 0.05))
    (fp_text user %R (at 0 -36.83) (layer B.Fab)
      (effects (font (size 1 1) (thickness 0.15)) (justify mirror))
    )
    (pad 1 thru_hole rect (at 0 0 90) (size 1.7 1.7) (drill 1) (layers *.Cu *.Mask)
      (net 15 V23B))
    (pad 2 thru_hole oval (at 0 -2.54 90) (size 1.7 1.7) (drill 1) (layers *.Cu *.Mask)
      (net 13 V12C))
    (pad 3 thru_hole oval (at 0 -5.08 90) (size 1.7 1.7) (drill 1) (layers *.Cu *.Mask)
      (net 51 MUXGA))
    (pad 4 thru_hole oval (at 0 -7.62 90) (size 1.7 1.7) (drill 1) (layers *.Cu *.Mask)
      (net 34 TIA))
    (pad 5 thru_hole oval (at 0 -10.16 90) (size 1.7 1.7) (drill 1) (layers *.Cu *.Mask)
      (net 55 MUXGB))
    (pad 6 thru_hole oval (at 0 -12.7 90) (size 1.7 1.7) (drill 1) (layers *.Cu *.Mask)
      (net 9 V12B))
    (pad 7 thru_hole oval (at 0 -15.24 90) (size 1.7 1.7) (drill 1) (layers *.Cu *.Mask)
      (net 17 V23C))
    (pad 8 thru_hole oval (at 0 -17.78 90) (size 1.7 1.7) (drill 1) (layers *.Cu *.Mask)
      (net 18 TIC))
    (pad 9 thru_hole oval (at 0 -20.32 90) (size 1.7 1.7) (drill 1) (layers *.Cu *.Mask)
      (net 10 TIB))
    (pad 10 thru_hole oval (at 0 -22.86 90) (size 1.7 1.7) (drill 1) (layers *.Cu *.Mask)
      (net 41 PWM1))
    (pad 11 thru_hole oval (at 0 -25.4 90) (size 1.7 1.7) (drill 1) (layers *.Cu *.Mask)
      (net 42 PWM2))
    (pad 12 thru_hole oval (at 0 -27.94 90) (size 1.7 1.7) (drill 1) (layers *.Cu *.Mask)
      (net 27 V12A))
    (pad 13 thru_hole oval (at 0 -30.48 90) (size 1.7 1.7) (drill 1) (layers *.Cu *.Mask)
      (net 1 GNDREF))
    (pad 14 thru_hole oval (at 0 -33.02 90) (size 1.7 1.7) (drill 1) (layers *.Cu *.Mask)
      (net 56 MUXRB))
    (pad 15 thru_hole oval (at 0 -35.56 90) (size 1.7 1.7) (drill 1) (layers *.Cu *.Mask)
      (net 52 MUXRA))
    (pad 16 thru_hole oval (at 0 -38.1 90) (size 1.7 1.7) (drill 1) (layers *.Cu *.Mask)
      (net 54 RGA))
    (pad 17 thru_hole oval (at 0 -40.64 90) (size 1.7 1.7) (drill 1) (layers *.Cu *.Mask)
      (net 38 V23A))
    (pad 18 thru_hole oval (at 0 -43.18 90) (size 1.7 1.7) (drill 1) (layers *.Cu *.Mask)
      (net 50 RGB))
    (pad 19 thru_hole oval (at 0 -45.72 90) (size 1.7 1.7) (drill 1) (layers *.Cu *.Mask)
      (net 58 VIN4))
    (pad 20 thru_hole oval (at 0 -48.26 90) (size 1.7 1.7) (drill 1) (layers *.Cu *.Mask)
      (net 44 VIN2))
    (pad 21 thru_hole oval (at 0 -50.8 90) (size 1.7 1.7) (drill 1) (layers *.Cu *.Mask)
      (net 57 MUXVB))
    (pad 22 thru_hole oval (at 0 -53.34 90) (size 1.7 1.7) (drill 1) (layers *.Cu *.Mask)
      (net 43 VIN1))
    (pad 23 thru_hole oval (at 0 -55.88 90) (size 1.7 1.7) (drill 1) (layers *.Cu *.Mask)
      (net 53 MUXVA))
    (pad 24 thru_hole oval (at 0 -58.42 90) (size 1.7 1.7) (drill 1) (layers *.Cu *.Mask)
      (net 35 VIN3))
    (pad 25 thru_hole oval (at 0 -60.96 90) (size 1.7 1.7) (drill 1) (layers *.Cu *.Mask)
      (net 20 GND))
    (pad 26 thru_hole oval (at 0 -63.5 90) (size 1.7 1.7) (drill 1) (layers *.Cu *.Mask)
      (net 21 VCC))
    (pad 27 thru_hole oval (at 0 -66.04 90) (size 1.7 1.7) (drill 1) (layers *.Cu *.Mask)
      (net 28 P1))
    (pad 28 thru_hole oval (at 0 -68.58 90) (size 1.7 1.7) (drill 1) (layers *.Cu *.Mask)
      (net 68 P2))
    (pad 29 thru_hole oval (at 0 -71.12 90) (size 1.7 1.7) (drill 1) (layers *.Cu *.Mask)
      (net 29 P3))
    (pad 30 thru_hole oval (at 0 -73.66 90) (size 1.7 1.7) (drill 1) (layers *.Cu *.Mask)
      (net 23 P4))
    (model ${KISYS3DMOD}/Connector_PinHeader_2.54mm.3dshapes/PinHeader_1x30_P2.54mm_Vertical.wrl
      (at (xyz 0 0 0))
      (scale (xyz 1 1 1))
      (rotate (xyz 0 0 0))
    )
  )

  (module digikey-footprints:RF_SMA_Receptical_Vertical_CONSMA001-SMD-G (layer F.Cu) (tedit 5ACE1393) (tstamp 5CF95D80)
    (at 62.484 112.776)
    (path /5D0DB04E)
    (fp_text reference J4 (at 0.3 -4.8) (layer F.SilkS)
      (effects (font (size 1 1) (thickness 0.15)))
    )
    (fp_text value CONSMA001-SMD-G (at 0.01778 5.15112) (layer F.Fab)
      (effects (font (size 1 1) (thickness 0.15)))
    )
    (fp_text user %R (at -0.075 -2.675) (layer F.Fab)
      (effects (font (size 0.75 0.75) (thickness 0.075)))
    )
    (fp_line (start -3.6 4) (end -3.4 4) (layer F.SilkS) (width 0.1))
    (fp_line (start -3.5 4) (end -4 4) (layer F.SilkS) (width 0.1))
    (fp_line (start -4 4) (end -4 3.55) (layer F.SilkS) (width 0.1))
    (fp_line (start 4 3.475) (end 4 4) (layer F.SilkS) (width 0.1))
    (fp_line (start 4 4) (end 3.425 4) (layer F.SilkS) (width 0.1))
    (fp_line (start -3.2 -4) (end -4 -4) (layer F.SilkS) (width 0.1))
    (fp_line (start -4 -4) (end -4 -3.35) (layer F.SilkS) (width 0.1))
    (fp_line (start 3.4 -4) (end 4 -4) (layer F.SilkS) (width 0.1))
    (fp_line (start 4 -4) (end 4 -3.525) (layer F.SilkS) (width 0.1))
    (fp_line (start -4.13 4.13) (end -4.13 -4.13) (layer F.CrtYd) (width 0.05))
    (fp_line (start 4.13 4.13) (end -4.13 4.13) (layer F.CrtYd) (width 0.05))
    (fp_line (start 4.13 -4.13) (end 4.13 4.13) (layer F.CrtYd) (width 0.05))
    (fp_line (start -4.13 -4.13) (end 4.13 -4.13) (layer F.CrtYd) (width 0.05))
    (fp_line (start -3.88 -3.88) (end -3.88 3.88) (layer F.Fab) (width 0.1))
    (fp_line (start 3.88 3.88) (end -3.88 3.88) (layer F.Fab) (width 0.1))
    (fp_line (start 3.88 -3.88) (end 3.88 3.88) (layer F.Fab) (width 0.1))
    (fp_line (start -3.88 -3.88) (end 3.88 -3.88) (layer F.Fab) (width 0.1))
    (pad 1 smd rect (at -2.55 2.55) (size 1.5 1.5) (layers F.Cu F.Paste F.Mask)
      (net 20 GND))
    (pad 1 smd rect (at -2.55 -2.55) (size 1.5 1.5) (layers F.Cu F.Paste F.Mask)
      (net 20 GND))
    (pad 1 smd rect (at 2.55 -2.55) (size 1.5 1.5) (layers F.Cu F.Paste F.Mask)
      (net 20 GND))
    (pad 1 smd rect (at 2.55 2.55) (size 1.5 1.5) (layers F.Cu F.Paste F.Mask)
      (net 20 GND))
    (pad 2 smd circle (at 0.025 -0.1) (size 2.05 2.05) (layers F.Cu F.Paste F.Mask)
      (net 28 P1))
  )

  (module Connector_PinSocket_2.54mm:PinSocket_1x02_P2.54mm_Vertical (layer F.Cu) (tedit 5A19A420) (tstamp 5D0065A3)
    (at 81.026 127.254 270)
    (descr "Through hole straight socket strip, 1x02, 2.54mm pitch, single row (from Kicad 4.0.7), script generated")
    (tags "Through hole socket strip THT 1x02 2.54mm single row")
    (path /5AFF35E4)
    (fp_text reference JRL4 (at 0 -2.77 270) (layer F.SilkS)
      (effects (font (size 1 1) (thickness 0.15)))
    )
    (fp_text value Conn_01x02 (at 0 5.31 270) (layer F.Fab)
      (effects (font (size 1 1) (thickness 0.15)))
    )
    (fp_line (start -1.27 -1.27) (end 0.635 -1.27) (layer F.Fab) (width 0.1))
    (fp_line (start 0.635 -1.27) (end 1.27 -0.635) (layer F.Fab) (width 0.1))
    (fp_line (start 1.27 -0.635) (end 1.27 3.81) (layer F.Fab) (width 0.1))
    (fp_line (start 1.27 3.81) (end -1.27 3.81) (layer F.Fab) (width 0.1))
    (fp_line (start -1.27 3.81) (end -1.27 -1.27) (layer F.Fab) (width 0.1))
    (fp_line (start -1.33 1.27) (end 1.33 1.27) (layer F.SilkS) (width 0.12))
    (fp_line (start -1.33 1.27) (end -1.33 3.87) (layer F.SilkS) (width 0.12))
    (fp_line (start -1.33 3.87) (end 1.33 3.87) (layer F.SilkS) (width 0.12))
    (fp_line (start 1.33 1.27) (end 1.33 3.87) (layer F.SilkS) (width 0.12))
    (fp_line (start 1.33 -1.33) (end 1.33 0) (layer F.SilkS) (width 0.12))
    (fp_line (start 0 -1.33) (end 1.33 -1.33) (layer F.SilkS) (width 0.12))
    (fp_line (start -1.8 -1.8) (end 1.75 -1.8) (layer F.CrtYd) (width 0.05))
    (fp_line (start 1.75 -1.8) (end 1.75 4.3) (layer F.CrtYd) (width 0.05))
    (fp_line (start 1.75 4.3) (end -1.8 4.3) (layer F.CrtYd) (width 0.05))
    (fp_line (start -1.8 4.3) (end -1.8 -1.8) (layer F.CrtYd) (width 0.05))
    (fp_text user %R (at 0 1.27) (layer F.Fab)
      (effects (font (size 1 1) (thickness 0.15)))
    )
    (pad 1 thru_hole rect (at 0 0 270) (size 1.7 1.7) (drill 1) (layers *.Cu *.Mask)
      (net 30 RL4))
    (pad 2 thru_hole oval (at 0 2.54 270) (size 1.7 1.7) (drill 1) (layers *.Cu *.Mask)
      (net 31 "Net-(JRL4-Pad2)"))
    (model ${KISYS3DMOD}/Connector_PinSocket_2.54mm.3dshapes/PinSocket_1x02_P2.54mm_Vertical.wrl
      (at (xyz 0 0 0))
      (scale (xyz 1 1 1))
      (rotate (xyz 0 0 0))
    )
  )

  (module Connector_PinSocket_2.54mm:PinSocket_1x02_P2.54mm_Vertical (layer F.Cu) (tedit 5A19A420) (tstamp 5BDE94B5)
    (at 98.806 121.158 270)
    (descr "Through hole straight socket strip, 1x02, 2.54mm pitch, single row (from Kicad 4.0.7), script generated")
    (tags "Through hole socket strip THT 1x02 2.54mm single row")
    (path /5B0046BD)
    (fp_text reference JRV12G1 (at 0 -2.77 270) (layer F.SilkS)
      (effects (font (size 1 1) (thickness 0.15)))
    )
    (fp_text value Conn_01x02 (at 0 5.31 270) (layer F.Fab)
      (effects (font (size 1 1) (thickness 0.15)))
    )
    (fp_text user %R (at 0 1.27) (layer F.Fab)
      (effects (font (size 1 1) (thickness 0.15)))
    )
    (fp_line (start -1.8 4.3) (end -1.8 -1.8) (layer F.CrtYd) (width 0.05))
    (fp_line (start 1.75 4.3) (end -1.8 4.3) (layer F.CrtYd) (width 0.05))
    (fp_line (start 1.75 -1.8) (end 1.75 4.3) (layer F.CrtYd) (width 0.05))
    (fp_line (start -1.8 -1.8) (end 1.75 -1.8) (layer F.CrtYd) (width 0.05))
    (fp_line (start 0 -1.33) (end 1.33 -1.33) (layer F.SilkS) (width 0.12))
    (fp_line (start 1.33 -1.33) (end 1.33 0) (layer F.SilkS) (width 0.12))
    (fp_line (start 1.33 1.27) (end 1.33 3.87) (layer F.SilkS) (width 0.12))
    (fp_line (start -1.33 3.87) (end 1.33 3.87) (layer F.SilkS) (width 0.12))
    (fp_line (start -1.33 1.27) (end -1.33 3.87) (layer F.SilkS) (width 0.12))
    (fp_line (start -1.33 1.27) (end 1.33 1.27) (layer F.SilkS) (width 0.12))
    (fp_line (start -1.27 3.81) (end -1.27 -1.27) (layer F.Fab) (width 0.1))
    (fp_line (start 1.27 3.81) (end -1.27 3.81) (layer F.Fab) (width 0.1))
    (fp_line (start 1.27 -0.635) (end 1.27 3.81) (layer F.Fab) (width 0.1))
    (fp_line (start 0.635 -1.27) (end 1.27 -0.635) (layer F.Fab) (width 0.1))
    (fp_line (start -1.27 -1.27) (end 0.635 -1.27) (layer F.Fab) (width 0.1))
    (pad 2 thru_hole oval (at 0 2.54 270) (size 1.7 1.7) (drill 1) (layers *.Cu *.Mask)
      (net 32 "Net-(JRV12G1-Pad2)"))
    (pad 1 thru_hole rect (at 0 0 270) (size 1.7 1.7) (drill 1) (layers *.Cu *.Mask)
      (net 33 "Net-(JRV12G1-Pad1)"))
    (model ${KISYS3DMOD}/Connector_PinSocket_2.54mm.3dshapes/PinSocket_1x02_P2.54mm_Vertical.wrl
      (at (xyz 0 0 0))
      (scale (xyz 1 1 1))
      (rotate (xyz 0 0 0))
    )
  )

  (module digikey-footprints:TSSOP-14_W4.4mm (layer F.Cu) (tedit 59A6CDCA) (tstamp 5CFC720F)
    (at 90.424 144.78 270)
    (descr http://pdfserv.maximintegrated.com/land_patterns/90-0113.PDF)
    (path /5CFC61C2)
    (fp_text reference U7 (at 0 -4.6 90) (layer F.SilkS)
      (effects (font (size 1 1) (thickness 0.15)))
    )
    (fp_text value tmux1511 (at 0 4.6 90) (layer F.Fab)
      (effects (font (size 1 1) (thickness 0.15)))
    )
    (fp_line (start 2.5 -2.2) (end 2.5 2.2) (layer F.Fab) (width 0.1))
    (fp_line (start -2.5 -2.2) (end 2.5 -2.2) (layer F.Fab) (width 0.1))
    (fp_text user %R (at 0 0 90) (layer F.Fab)
      (effects (font (size 1 1) (thickness 0.15)))
    )
    (fp_line (start -2.15 2.2) (end -2.5 1.85) (layer F.Fab) (width 0.1))
    (fp_line (start -2.15 2.2) (end 2.5 2.2) (layer F.Fab) (width 0.1))
    (fp_line (start -2.5 1.85) (end -2.5 -2.2) (layer F.Fab) (width 0.1))
    (fp_line (start -2.175 2.325) (end -2.175 3.275) (layer F.SilkS) (width 0.1))
    (fp_line (start -2.6 1.9) (end -2.175 2.325) (layer F.SilkS) (width 0.1))
    (fp_line (start -2.6 1.525) (end -2.6 1.9) (layer F.SilkS) (width 0.1))
    (fp_line (start 2.6 2.3) (end 2.6 1.85) (layer F.SilkS) (width 0.1))
    (fp_line (start 2.6 2.3) (end 2.225 2.3) (layer F.SilkS) (width 0.1))
    (fp_line (start 2.6 -2.3) (end 2.2 -2.3) (layer F.SilkS) (width 0.1))
    (fp_line (start 2.6 -2.3) (end 2.6 -1.85) (layer F.SilkS) (width 0.1))
    (fp_line (start -2.6 -2.3) (end -2.175 -2.3) (layer F.SilkS) (width 0.1))
    (fp_line (start -2.6 -2.3) (end -2.6 -1.925) (layer F.SilkS) (width 0.1))
    (fp_line (start -2.75 3.85) (end -2.75 -3.85) (layer F.CrtYd) (width 0.05))
    (fp_line (start 2.75 3.85) (end -2.75 3.85) (layer F.CrtYd) (width 0.05))
    (fp_line (start 2.75 -3.85) (end 2.75 3.85) (layer F.CrtYd) (width 0.05))
    (fp_line (start -2.75 -3.85) (end 2.75 -3.85) (layer F.CrtYd) (width 0.05))
    (pad 8 smd rect (at 1.95 -2.875 270) (size 0.35 1.4) (layers F.Cu F.Paste F.Mask)
      (net 61 "Net-(R5-Pad2)"))
    (pad 9 smd rect (at 1.3 -2.875 270) (size 0.35 1.4) (layers F.Cu F.Paste F.Mask)
      (net 65 "Net-(RS1-Pad1)"))
    (pad 10 smd rect (at 0.65 -2.875 270) (size 0.35 1.4) (layers F.Cu F.Paste F.Mask)
      (net 41 PWM1))
    (pad 11 smd rect (at 0 -2.875 270) (size 0.35 1.4) (layers F.Cu F.Paste F.Mask)
      (net 63 "Net-(R34-Pad2)"))
    (pad 12 smd rect (at -0.65 -2.875 270) (size 0.35 1.4) (layers F.Cu F.Paste F.Mask)
      (net 65 "Net-(RS1-Pad1)"))
    (pad 13 smd rect (at -1.3 -2.875 270) (size 0.35 1.4) (layers F.Cu F.Paste F.Mask)
      (net 42 PWM2))
    (pad 14 smd rect (at -1.95 -2.875 270) (size 0.35 1.4) (layers F.Cu F.Paste F.Mask)
      (net 21 VCC))
    (pad 7 smd rect (at 1.95 2.875 270) (size 0.35 1.4) (layers F.Cu F.Paste F.Mask)
      (net 20 GND))
    (pad 6 smd rect (at 1.3 2.875 270) (size 0.35 1.4) (layers F.Cu F.Paste F.Mask)
      (net 60 "Net-(R4-Pad2)"))
    (pad 5 smd rect (at 0.65 2.875 270) (size 0.35 1.4) (layers F.Cu F.Paste F.Mask)
      (net 67 "Net-(RS3-Pad1)"))
    (pad 4 smd rect (at 0 2.875 270) (size 0.35 1.4) (layers F.Cu F.Paste F.Mask)
      (net 42 PWM2))
    (pad 3 smd rect (at -0.65 2.875 270) (size 0.35 1.4) (layers F.Cu F.Paste F.Mask)
      (net 59 "Net-(R3-Pad2)"))
    (pad 2 smd rect (at -1.3 2.875 270) (size 0.35 1.4) (layers F.Cu F.Paste F.Mask)
      (net 67 "Net-(RS3-Pad1)"))
    (pad 1 smd rect (at -1.95 2.875 270) (size 0.35 1.4) (layers F.Cu F.Paste F.Mask)
      (net 41 PWM1))
  )

  (module Capacitor_SMD:C_0603_1608Metric (layer F.Cu) (tedit 5B301BBE) (tstamp 5CFAFA08)
    (at 75.946 133.858 90)
    (descr "Capacitor SMD 0603 (1608 Metric), square (rectangular) end terminal, IPC_7351 nominal, (Body size source: http://www.tortai-tech.com/upload/download/2011102023233369053.pdf), generated with kicad-footprint-generator")
    (tags capacitor)
    (path /5AF0BAB8)
    (attr smd)
    (fp_text reference CU10 (at 0 -1.43 270) (layer F.SilkS)
      (effects (font (size 1 1) (thickness 0.15)))
    )
    (fp_text value 0.1uF (at 0 1.43 270) (layer F.Fab)
      (effects (font (size 1 1) (thickness 0.15)))
    )
    (fp_text user %R (at 0 0 270) (layer F.Fab)
      (effects (font (size 0.4 0.4) (thickness 0.06)))
    )
    (fp_line (start 1.48 0.73) (end -1.48 0.73) (layer F.CrtYd) (width 0.05))
    (fp_line (start 1.48 -0.73) (end 1.48 0.73) (layer F.CrtYd) (width 0.05))
    (fp_line (start -1.48 -0.73) (end 1.48 -0.73) (layer F.CrtYd) (width 0.05))
    (fp_line (start -1.48 0.73) (end -1.48 -0.73) (layer F.CrtYd) (width 0.05))
    (fp_line (start -0.162779 0.51) (end 0.162779 0.51) (layer F.SilkS) (width 0.12))
    (fp_line (start -0.162779 -0.51) (end 0.162779 -0.51) (layer F.SilkS) (width 0.12))
    (fp_line (start 0.8 0.4) (end -0.8 0.4) (layer F.Fab) (width 0.1))
    (fp_line (start 0.8 -0.4) (end 0.8 0.4) (layer F.Fab) (width 0.1))
    (fp_line (start -0.8 -0.4) (end 0.8 -0.4) (layer F.Fab) (width 0.1))
    (fp_line (start -0.8 0.4) (end -0.8 -0.4) (layer F.Fab) (width 0.1))
    (pad 2 smd roundrect (at 0.7875 0 90) (size 0.875 0.95) (layers F.Cu F.Paste F.Mask) (roundrect_rratio 0.25)
      (net 20 GND))
    (pad 1 smd roundrect (at -0.7875 0 90) (size 0.875 0.95) (layers F.Cu F.Paste F.Mask) (roundrect_rratio 0.25)
      (net 21 VCC))
    (model ${KISYS3DMOD}/Capacitor_SMD.3dshapes/C_0603_1608Metric.wrl
      (at (xyz 0 0 0))
      (scale (xyz 1 1 1))
      (rotate (xyz 0 0 0))
    )
  )

  (module Capacitor_SMD:C_0603_1608Metric (layer F.Cu) (tedit 5B301BBE) (tstamp 5CFD52AA)
    (at 126.238 138.938 270)
    (descr "Capacitor SMD 0603 (1608 Metric), square (rectangular) end terminal, IPC_7351 nominal, (Body size source: http://www.tortai-tech.com/upload/download/2011102023233369053.pdf), generated with kicad-footprint-generator")
    (tags capacitor)
    (path /5AE626D2)
    (attr smd)
    (fp_text reference C1 (at 0 -1.43 270) (layer F.SilkS)
      (effects (font (size 1 1) (thickness 0.15)))
    )
    (fp_text value "1 nF" (at 0 1.43 270) (layer F.Fab)
      (effects (font (size 1 1) (thickness 0.15)))
    )
    (fp_line (start -0.8 0.4) (end -0.8 -0.4) (layer F.Fab) (width 0.1))
    (fp_line (start -0.8 -0.4) (end 0.8 -0.4) (layer F.Fab) (width 0.1))
    (fp_line (start 0.8 -0.4) (end 0.8 0.4) (layer F.Fab) (width 0.1))
    (fp_line (start 0.8 0.4) (end -0.8 0.4) (layer F.Fab) (width 0.1))
    (fp_line (start -0.162779 -0.51) (end 0.162779 -0.51) (layer F.SilkS) (width 0.12))
    (fp_line (start -0.162779 0.51) (end 0.162779 0.51) (layer F.SilkS) (width 0.12))
    (fp_line (start -1.48 0.73) (end -1.48 -0.73) (layer F.CrtYd) (width 0.05))
    (fp_line (start -1.48 -0.73) (end 1.48 -0.73) (layer F.CrtYd) (width 0.05))
    (fp_line (start 1.48 -0.73) (end 1.48 0.73) (layer F.CrtYd) (width 0.05))
    (fp_line (start 1.48 0.73) (end -1.48 0.73) (layer F.CrtYd) (width 0.05))
    (fp_text user %R (at 0 0 270) (layer F.Fab)
      (effects (font (size 0.4 0.4) (thickness 0.06)))
    )
    (pad 1 smd roundrect (at -0.7875 0 270) (size 0.875 0.95) (layers F.Cu F.Paste F.Mask) (roundrect_rratio 0.25)
      (net 1 GNDREF))
    (pad 2 smd roundrect (at 0.7875 0 270) (size 0.875 0.95) (layers F.Cu F.Paste F.Mask) (roundrect_rratio 0.25)
      (net 2 "Net-(C1-Pad2)"))
    (model ${KISYS3DMOD}/Capacitor_SMD.3dshapes/C_0603_1608Metric.wrl
      (at (xyz 0 0 0))
      (scale (xyz 1 1 1))
      (rotate (xyz 0 0 0))
    )
  )

  (module Capacitor_SMD:C_0603_1608Metric (layer F.Cu) (tedit 5B301BBE) (tstamp 5BDE926D)
    (at 133.096 123.19 90)
    (descr "Capacitor SMD 0603 (1608 Metric), square (rectangular) end terminal, IPC_7351 nominal, (Body size source: http://www.tortai-tech.com/upload/download/2011102023233369053.pdf), generated with kicad-footprint-generator")
    (tags capacitor)
    (path /5AE38F08)
    (attr smd)
    (fp_text reference C3 (at 0 -1.43 90) (layer F.SilkS)
      (effects (font (size 1 1) (thickness 0.15)))
    )
    (fp_text value "1 nF" (at 0 1.43 90) (layer F.Fab)
      (effects (font (size 1 1) (thickness 0.15)))
    )
    (fp_line (start -0.8 0.4) (end -0.8 -0.4) (layer F.Fab) (width 0.1))
    (fp_line (start -0.8 -0.4) (end 0.8 -0.4) (layer F.Fab) (width 0.1))
    (fp_line (start 0.8 -0.4) (end 0.8 0.4) (layer F.Fab) (width 0.1))
    (fp_line (start 0.8 0.4) (end -0.8 0.4) (layer F.Fab) (width 0.1))
    (fp_line (start -0.162779 -0.51) (end 0.162779 -0.51) (layer F.SilkS) (width 0.12))
    (fp_line (start -0.162779 0.51) (end 0.162779 0.51) (layer F.SilkS) (width 0.12))
    (fp_line (start -1.48 0.73) (end -1.48 -0.73) (layer F.CrtYd) (width 0.05))
    (fp_line (start -1.48 -0.73) (end 1.48 -0.73) (layer F.CrtYd) (width 0.05))
    (fp_line (start 1.48 -0.73) (end 1.48 0.73) (layer F.CrtYd) (width 0.05))
    (fp_line (start 1.48 0.73) (end -1.48 0.73) (layer F.CrtYd) (width 0.05))
    (fp_text user %R (at 0 0 90) (layer F.Fab)
      (effects (font (size 0.4 0.4) (thickness 0.06)))
    )
    (pad 1 smd roundrect (at -0.7875 0 90) (size 0.875 0.95) (layers F.Cu F.Paste F.Mask) (roundrect_rratio 0.25)
      (net 1 GNDREF))
    (pad 2 smd roundrect (at 0.7875 0 90) (size 0.875 0.95) (layers F.Cu F.Paste F.Mask) (roundrect_rratio 0.25)
      (net 4 "Net-(C3-Pad2)"))
    (model ${KISYS3DMOD}/Capacitor_SMD.3dshapes/C_0603_1608Metric.wrl
      (at (xyz 0 0 0))
      (scale (xyz 1 1 1))
      (rotate (xyz 0 0 0))
    )
  )

  (module Capacitor_SMD:C_0603_1608Metric (layer F.Cu) (tedit 5B301BBE) (tstamp 5CF9BEE1)
    (at 113.792 142.24 180)
    (descr "Capacitor SMD 0603 (1608 Metric), square (rectangular) end terminal, IPC_7351 nominal, (Body size source: http://www.tortai-tech.com/upload/download/2011102023233369053.pdf), generated with kicad-footprint-generator")
    (tags capacitor)
    (path /5AE3D016)
    (attr smd)
    (fp_text reference C5 (at 0 -1.43) (layer F.SilkS)
      (effects (font (size 1 1) (thickness 0.15)))
    )
    (fp_text value 1nF (at 0 1.43) (layer F.Fab)
      (effects (font (size 1 1) (thickness 0.15)))
    )
    (fp_text user %R (at 0 0) (layer F.Fab)
      (effects (font (size 0.4 0.4) (thickness 0.06)))
    )
    (fp_line (start 1.48 0.73) (end -1.48 0.73) (layer F.CrtYd) (width 0.05))
    (fp_line (start 1.48 -0.73) (end 1.48 0.73) (layer F.CrtYd) (width 0.05))
    (fp_line (start -1.48 -0.73) (end 1.48 -0.73) (layer F.CrtYd) (width 0.05))
    (fp_line (start -1.48 0.73) (end -1.48 -0.73) (layer F.CrtYd) (width 0.05))
    (fp_line (start -0.162779 0.51) (end 0.162779 0.51) (layer F.SilkS) (width 0.12))
    (fp_line (start -0.162779 -0.51) (end 0.162779 -0.51) (layer F.SilkS) (width 0.12))
    (fp_line (start 0.8 0.4) (end -0.8 0.4) (layer F.Fab) (width 0.1))
    (fp_line (start 0.8 -0.4) (end 0.8 0.4) (layer F.Fab) (width 0.1))
    (fp_line (start -0.8 -0.4) (end 0.8 -0.4) (layer F.Fab) (width 0.1))
    (fp_line (start -0.8 0.4) (end -0.8 -0.4) (layer F.Fab) (width 0.1))
    (pad 2 smd roundrect (at 0.7875 0 180) (size 0.875 0.95) (layers F.Cu F.Paste F.Mask) (roundrect_rratio 0.25)
      (net 5 "Net-(C5-Pad2)"))
    (pad 1 smd roundrect (at -0.7875 0 180) (size 0.875 0.95) (layers F.Cu F.Paste F.Mask) (roundrect_rratio 0.25)
      (net 1 GNDREF))
    (model ${KISYS3DMOD}/Capacitor_SMD.3dshapes/C_0603_1608Metric.wrl
      (at (xyz 0 0 0))
      (scale (xyz 1 1 1))
      (rotate (xyz 0 0 0))
    )
  )

  (module Capacitor_SMD:C_0603_1608Metric (layer F.Cu) (tedit 5B301BBE) (tstamp 5BDE928F)
    (at 127.762 134.874)
    (descr "Capacitor SMD 0603 (1608 Metric), square (rectangular) end terminal, IPC_7351 nominal, (Body size source: http://www.tortai-tech.com/upload/download/2011102023233369053.pdf), generated with kicad-footprint-generator")
    (tags capacitor)
    (path /5ACDA491)
    (attr smd)
    (fp_text reference C50 (at 0 -1.43) (layer F.SilkS)
      (effects (font (size 1 1) (thickness 0.15)))
    )
    (fp_text value "1 nF" (at 0 1.43) (layer F.Fab)
      (effects (font (size 1 1) (thickness 0.15)))
    )
    (fp_line (start -0.8 0.4) (end -0.8 -0.4) (layer F.Fab) (width 0.1))
    (fp_line (start -0.8 -0.4) (end 0.8 -0.4) (layer F.Fab) (width 0.1))
    (fp_line (start 0.8 -0.4) (end 0.8 0.4) (layer F.Fab) (width 0.1))
    (fp_line (start 0.8 0.4) (end -0.8 0.4) (layer F.Fab) (width 0.1))
    (fp_line (start -0.162779 -0.51) (end 0.162779 -0.51) (layer F.SilkS) (width 0.12))
    (fp_line (start -0.162779 0.51) (end 0.162779 0.51) (layer F.SilkS) (width 0.12))
    (fp_line (start -1.48 0.73) (end -1.48 -0.73) (layer F.CrtYd) (width 0.05))
    (fp_line (start -1.48 -0.73) (end 1.48 -0.73) (layer F.CrtYd) (width 0.05))
    (fp_line (start 1.48 -0.73) (end 1.48 0.73) (layer F.CrtYd) (width 0.05))
    (fp_line (start 1.48 0.73) (end -1.48 0.73) (layer F.CrtYd) (width 0.05))
    (fp_text user %R (at 0 0) (layer F.Fab)
      (effects (font (size 0.4 0.4) (thickness 0.06)))
    )
    (pad 1 smd roundrect (at -0.7875 0) (size 0.875 0.95) (layers F.Cu F.Paste F.Mask) (roundrect_rratio 0.25)
      (net 1 GNDREF))
    (pad 2 smd roundrect (at 0.7875 0) (size 0.875 0.95) (layers F.Cu F.Paste F.Mask) (roundrect_rratio 0.25)
      (net 6 "Net-(C50-Pad2)"))
    (model ${KISYS3DMOD}/Capacitor_SMD.3dshapes/C_0603_1608Metric.wrl
      (at (xyz 0 0 0))
      (scale (xyz 1 1 1))
      (rotate (xyz 0 0 0))
    )
  )

  (module Capacitor_SMD:C_0603_1608Metric (layer F.Cu) (tedit 5B301BBE) (tstamp 5CF9BFD7)
    (at 120.396 134.874 180)
    (descr "Capacitor SMD 0603 (1608 Metric), square (rectangular) end terminal, IPC_7351 nominal, (Body size source: http://www.tortai-tech.com/upload/download/2011102023233369053.pdf), generated with kicad-footprint-generator")
    (tags capacitor)
    (path /5ACDB237)
    (attr smd)
    (fp_text reference C84 (at 0 -1.43 180) (layer F.SilkS)
      (effects (font (size 1 1) (thickness 0.15)))
    )
    (fp_text value 1nF (at 0 1.43 180) (layer F.Fab)
      (effects (font (size 1 1) (thickness 0.15)))
    )
    (fp_text user %R (at 0 0 180) (layer F.Fab)
      (effects (font (size 0.4 0.4) (thickness 0.06)))
    )
    (fp_line (start 1.48 0.73) (end -1.48 0.73) (layer F.CrtYd) (width 0.05))
    (fp_line (start 1.48 -0.73) (end 1.48 0.73) (layer F.CrtYd) (width 0.05))
    (fp_line (start -1.48 -0.73) (end 1.48 -0.73) (layer F.CrtYd) (width 0.05))
    (fp_line (start -1.48 0.73) (end -1.48 -0.73) (layer F.CrtYd) (width 0.05))
    (fp_line (start -0.162779 0.51) (end 0.162779 0.51) (layer F.SilkS) (width 0.12))
    (fp_line (start -0.162779 -0.51) (end 0.162779 -0.51) (layer F.SilkS) (width 0.12))
    (fp_line (start 0.8 0.4) (end -0.8 0.4) (layer F.Fab) (width 0.1))
    (fp_line (start 0.8 -0.4) (end 0.8 0.4) (layer F.Fab) (width 0.1))
    (fp_line (start -0.8 -0.4) (end 0.8 -0.4) (layer F.Fab) (width 0.1))
    (fp_line (start -0.8 0.4) (end -0.8 -0.4) (layer F.Fab) (width 0.1))
    (pad 2 smd roundrect (at 0.7875 0 180) (size 0.875 0.95) (layers F.Cu F.Paste F.Mask) (roundrect_rratio 0.25)
      (net 7 "Net-(C84-Pad2)"))
    (pad 1 smd roundrect (at -0.7875 0 180) (size 0.875 0.95) (layers F.Cu F.Paste F.Mask) (roundrect_rratio 0.25)
      (net 1 GNDREF))
    (model ${KISYS3DMOD}/Capacitor_SMD.3dshapes/C_0603_1608Metric.wrl
      (at (xyz 0 0 0))
      (scale (xyz 1 1 1))
      (rotate (xyz 0 0 0))
    )
  )

  (module Capacitor_SMD:C_0603_1608Metric (layer F.Cu) (tedit 5B301BBE) (tstamp 5D010AD1)
    (at 116.332 118.872 90)
    (descr "Capacitor SMD 0603 (1608 Metric), square (rectangular) end terminal, IPC_7351 nominal, (Body size source: http://www.tortai-tech.com/upload/download/2011102023233369053.pdf), generated with kicad-footprint-generator")
    (tags capacitor)
    (path /5AE626CB)
    (attr smd)
    (fp_text reference CF1 (at 0 -1.43 90) (layer F.SilkS)
      (effects (font (size 1 1) (thickness 0.15)))
    )
    (fp_text value 1nF (at 0 1.43 90) (layer F.Fab)
      (effects (font (size 1 1) (thickness 0.15)))
    )
    (fp_text user %R (at 0 0 90) (layer F.Fab)
      (effects (font (size 0.4 0.4) (thickness 0.06)))
    )
    (fp_line (start 1.48 0.73) (end -1.48 0.73) (layer F.CrtYd) (width 0.05))
    (fp_line (start 1.48 -0.73) (end 1.48 0.73) (layer F.CrtYd) (width 0.05))
    (fp_line (start -1.48 -0.73) (end 1.48 -0.73) (layer F.CrtYd) (width 0.05))
    (fp_line (start -1.48 0.73) (end -1.48 -0.73) (layer F.CrtYd) (width 0.05))
    (fp_line (start -0.162779 0.51) (end 0.162779 0.51) (layer F.SilkS) (width 0.12))
    (fp_line (start -0.162779 -0.51) (end 0.162779 -0.51) (layer F.SilkS) (width 0.12))
    (fp_line (start 0.8 0.4) (end -0.8 0.4) (layer F.Fab) (width 0.1))
    (fp_line (start 0.8 -0.4) (end 0.8 0.4) (layer F.Fab) (width 0.1))
    (fp_line (start -0.8 -0.4) (end 0.8 -0.4) (layer F.Fab) (width 0.1))
    (fp_line (start -0.8 0.4) (end -0.8 -0.4) (layer F.Fab) (width 0.1))
    (pad 2 smd roundrect (at 0.7875 0 90) (size 0.875 0.95) (layers F.Cu F.Paste F.Mask) (roundrect_rratio 0.25)
      (net 8 "Net-(CF1-Pad2)"))
    (pad 1 smd roundrect (at -0.7875 0 90) (size 0.875 0.95) (layers F.Cu F.Paste F.Mask) (roundrect_rratio 0.25)
      (net 9 V12B))
    (model ${KISYS3DMOD}/Capacitor_SMD.3dshapes/C_0603_1608Metric.wrl
      (at (xyz 0 0 0))
      (scale (xyz 1 1 1))
      (rotate (xyz 0 0 0))
    )
  )

  (module Capacitor_SMD:C_0603_1608Metric (layer F.Cu) (tedit 5B301BBE) (tstamp 5CFC62B7)
    (at 109.474 145.542 180)
    (descr "Capacitor SMD 0603 (1608 Metric), square (rectangular) end terminal, IPC_7351 nominal, (Body size source: http://www.tortai-tech.com/upload/download/2011102023233369053.pdf), generated with kicad-footprint-generator")
    (tags capacitor)
    (path /5ACE0809)
    (attr smd)
